 6 50
 3.30521348e+01 5.30541573e+01 1.08741573e+00 5.38202247e-01 1.76240449e+01 9.04146159e-01
 4.10224897e+01 7.77306094e+01 1.30828878e+00 4.98594477e-01 2.61852076e+01 9.95782749e-01
 -3.69966830e+01 2.93598633e+00 8.11183295e+00 1.01531766e+01 6.63127378e+00 4.51131024e+00 4.00569902e+00 1.81676039e+00 8.02632302e+00 2.83823890e+00 2.41989010e+00 4.48777066e+01 4.14299584e+00 4.06484680e+00 3.86593409e+00 9.49152475e+00 2.41763134e-01 3.77566448e+00 2.75009848e-01 2.94514798e+00 9.13360864e+00 1.29314344e+01 8.78402888e+00 1.11837442e+00 4.82777991e+00 1.59889864e+01 1.25039282e+01 1.81276865e+00 3.62917016e+00 3.46423969e+00 1.13040751e+01 4.85513471e+00 4.02761301e+00 9.35516963e+00 9.05637945e+00 1.08845560e+01 5.70378505e+00 4.39485828e+00 2.80541158e+00 2.06409455e+00 5.63369529e+00 2.78125125e+00 7.18071888e+00 3.75618305e+00 4.36680750e+00 4.89927923e+00 4.74964880e+00 7.52432391e+00 4.13493110e+00 1.55628241e+00 1.75228466e+01
 -5.84171490e+00 -8.28884268e+00 -3.63553467e-01 3.13920606e+00 1.25678604e+00 -3.73555987e-01 -3.55350737e+00
 -7.53247519e+00 -1.22104253e+01 3.19457812e+00 1.27241966e+00 6.34711872e-01 6.92058252e+00 -4.06300017e+00
 -3.61572046e+00 -1.42049187e+01 -1.90518921e-01 2.63119446e+00 -6.21650987e+00 7.96212959e+00 -5.65797340e+00
 -1.33393614e+00 -1.25225946e+01 -9.69860696e-02 3.99524109e-01 -5.48808231e+00 2.18031929e+00 -3.61864552e+00
 5.71037528e+00 -7.73757129e-01 -1.01763452e-02 5.74429701e+00 1.67868301e+00 -1.13201209e-03 9.86061151e+00
 -6.42369466e+00 -4.01767459e+00 -2.74882001e-01 1.93739873e+00 -2.39097624e+00 1.34484408e+00 -1.72157571e+00
 -3.30008160e+00 -8.98172939e+00 -6.93536908e-01 2.23962075e+00 -1.88254303e+00 1.42465205e+00 -3.86446974e+00
 6.01910182e+00 3.28807303e+00 -1.73778895e+00 8.27000544e+00 1.48990144e-01 1.34302784e+00 1.00007729e+01
 -5.78799167e+00 -8.28757114e+00 -2.76458967e-01 3.10010432e+00 1.22952020e+00 -3.56896322e-01 -3.45751895e+00
 -5.58844983e+00 -8.42762485e+00 -1.40019646e-01 2.89954960e+00 4.68304426e-01 6.98699083e-01 -2.28774385e+00
 1.53192325e+01 -1.67337997e+01 4.06839725e+01 -5.72782329e-01 -3.79697517e-01 2.60711060e-01 1.17989658e+00
 -6.56272237e+00 -3.92780479e+00 7.04661169e-01 2.22762514e+00 -1.01162989e+00 1.30611808e+00 -1.38074300e+00
 -7.01478513e+00 -3.70467681e+00 1.04996551e+00 2.73262447e+00 2.81199881e-01 1.38585747e+00 -8.93932968e-01
 -4.91604786e+00 -7.54699935e+00 5.06404810e-01 4.98273573e+00 -3.20466382e+00 1.51496576e+00 -7.63426916e-01
 1.20356830e+00 -9.71140942e+00 3.94775690e-01 2.04087614e+00 -2.55603737e+00 1.59495456e+01 -7.17252651e-01
 -2.53522246e+00 -8.41210738e+00 7.70667925e-02 1.65477461e+00 -2.02650153e+00 1.44702713e+00 -3.18795177e+00
 -5.36225967e+00 -6.05384327e+00 8.16127388e-01 1.93899706e+00 -2.68741967e+00 1.45708996e+00 -6.61340728e-01
 2.51748757e+00 -8.37027164e+00 -1.46680611e+00 9.10418793e+00 -7.31299434e-01 4.41491980e+00 -5.60035931e-01
 -2.90306852e+00 -1.06787504e+01 4.81974726e-01 1.85675257e+00 -2.64778940e+00 1.93169731e+00 -3.65079656e+00
 -5.35693612e+00 -1.07605525e+01 -2.73373985e+00 4.84880038e+00 -1.87110972e-01 -3.68981030e+00 -9.99113399e+00
 4.86647338e-01 -1.11439831e+01 -1.14807582e+00 2.23061949e+00 -2.95107829e+00 1.79833167e+01 -6.27864575e-01
 -1.03038634e+01 -3.82171888e+00 3.80677702e+00 -2.37376182e+00 6.79167637e+00 1.64654425e+00 -1.95000567e+00
 -2.59297177e+00 -8.56295619e+00 -2.40545981e-01 1.92785794e+00 -2.65543358e+00 3.90090601e+00 -3.24444584e+00
 -8.38332700e-01 -1.11389327e+01 -2.92747508e-01 3.10837413e-01 -5.21119016e+00 1.88073477e+00 -3.26428754e+00
 -1.12963510e+01 -8.90350349e+00 -6.79350351e-01 2.41970004e+00 -2.89164418e+00 -4.43683912e+00 1.13224462e+00
 -4.69575806e+00 -1.23879325e+01 -3.04445345e-01 4.01269322e+00 -2.76943061e+00 1.28826152e+01 -6.40577590e+00
 7.62839342e-01 -2.32194799e-01 6.18824438e-01 8.05598070e+00 -2.82875058e+00 2.56830913e+00 1.89073256e+00
 2.34253273e+00 6.74012017e-01 2.30829613e-02 1.05437133e+01 -2.32963104e-01 -2.63455563e+00 -3.43068588e-01
 3.08372221e+00 -1.02181281e+01 -1.68008431e+00 1.10215302e+01 -9.63224795e-01 5.38117309e+00 -7.28562379e-01
 2.77812931e+00 -5.40653426e+00 -2.83977350e+00 -5.76902403e-01 7.83335505e-01 -1.22728318e+01 4.89520658e+00
 5.86706561e+00 -6.17654590e+00 -2.28210472e+00 9.75546372e+00 -2.80973770e-01 8.36641933e+00 6.68639249e-01
 -3.88917167e+00 -5.76833020e+00 -3.51091024e-01 6.10396374e+00 -4.09369163e+00 1.08518113e+00 -8.89023632e-01
 -1.04956701e+01 -3.72628171e+00 3.90644069e+00 -2.26177121e+00 7.12188916e+00 1.58448728e+00 -1.85983850e+00
 5.60315932e+00 1.64585722e+00 -1.29967326e+00 1.10716075e+01 3.76458802e+00 -3.20511228e+00 -5.31265618e+00
 -3.80415874e+00 -8.35930676e+00 1.53987864e+01 -1.64008138e-01 8.73143374e+00 -1.37172345e+00 3.38980909e+00
 2.55894615e+00 3.12831034e+00 -6.16061595e-01 1.40802318e+00 -2.87305071e+00 4.87539061e+00 9.64993830e+00
 -5.77057585e+00 -4.33127714e+00 -1.95246450e+00 2.70449150e+00 -4.64662487e+00 1.60857899e+00 -4.10248335e-01
 -5.70489397e+00 -8.49172827e+00 -2.11291055e-01 2.96462487e+00 6.09796343e-01 4.86340874e-01 -2.47910227e+00
 -5.63309671e+00 -7.21526646e+00 6.08230347e-01 2.84416722e+00 3.11544411e-01 9.44928893e-01 -1.56239549e+00
 -6.57893886e+00 -4.06409670e+00 -1.38666627e+00 1.97530675e+00 -2.87690615e+00 -2.33123375e+00 6.77814118e-02
 -5.75059686e+00 -8.16087291e+00 -4.82887899e-01 3.12510575e+00 1.13876787e+00 -3.26738534e-01 -3.56280717e+00
 4.56959694e+00 -2.08866461e+00 -4.28352647e+00 1.24370067e+01 2.72415521e+00 -2.73638845e+00 -1.07177317e+00
 -2.62967847e+00 -1.03898960e+01 -1.97865573e-01 1.96706684e+00 -4.02766497e+00 5.15927739e+00 -3.84799310e+00
 -7.15545482e+00 -3.57594471e+00 1.08718430e+00 2.85739262e+00 4.92644078e-01 1.37942463e+00 -8.82915895e-01
 -2.75627354e+00 -8.76077216e+00 1.35218264e+01 -5.26785427e-01 7.73148149e+00 -3.34301395e+00 2.10818510e+00
 3.29395124e+00 -1.09208477e+01 -1.75062576e+00 1.17483777e+01 -1.06306583e+00 5.75409542e+00 -8.33006324e-01
 -9.95300261e+00 -4.23406740e+00 3.51734493e+00 -2.84943947e+00 5.59737811e+00 1.96042474e+00 -2.42594316e+00
 -7.79754637e+00 -9.31880097e+00 3.55972485e+00 8.22268726e-01 4.12451029e+00 2.80823729e+00 -1.69510846e+00
 -2.87921562e+00 -9.48956544e+00 1.67978571e-01 1.96736948e+00 -2.11427251e+00 1.60856419e+00 -3.70900822e+00
 -3.06109201e+00 -7.32942810e+00 -3.79574476e+00 -9.51526787e-01 -2.28390511e-02 -1.45143412e+01 -1.94592672e+00
