10 50 
 2.89517288e+01 3.42748092e+01 2.03861697e-01 9.30848675e-01 3.89907948e+01 1.74674450e-01 6.99582398e+02 6.24831612e-01 8.32442748e+00
 2.57667186e+01 4.55049609e+01 5.02160967e-01 1.13541893e+00 9.84414496e+02 3.79731038e-01 6.32804167e+03 4.84220726e-01 1.07035068e+01
 -7.23745585e+00 8.67822260e+00 1.73491314e+01 1.09336817e+01 5.45334065e+00 4.94326481e+00 5.96799438e+00 1.06758072e+01 4.90693386e+00 6.87298138e+00 6.13986303e+00 5.40452816e+00 8.86869470e+00 8.88720596e+00 1.78252724e+01 5.81789522e+00 1.17636426e+01 4.72613771e+00 3.22256005e+00 8.00744098e+00 7.83999127e+00 6.65608932e+00 6.85454814e+00 6.01373473e+00 5.01776538e+00 5.51916623e+00 6.55800321e+00 5.68317558e+00 5.58106879e+00 5.43729926e+00 3.32836274e+00 1.46443617e+01 8.70092184e+00 6.04388107e+00 5.29926202e+00 5.70225994e+00 5.84673820e+00 8.68867514e+00 9.87409367e+00 7.12419801e+00 7.67775840e+00 5.96534742e+00 5.38331777e+00 6.71823555e+00 7.52742483e+00 5.82262427e+00 5.99199990e+00 5.11467542e+00 6.59508142e+00 5.17609856e+00 1.29481582e+01
 -1.87337669e+00 -8.81395089e+00 2.18488708e+00 -5.27266335e-01 8.90161051e+00 -3.35619534e-01 -3.94886278e-02 -1.83283149e+00 -4.19497565e+00 1.34674644e+00
 -7.18938064e+00 2.17697428e+00 -2.84213558e+00 -3.61358611e+00 -4.52764248e+00 -1.60584930e-01 -3.40470883e+00 -1.56318689e+00 -7.20245579e+00 -2.63409971e+00
 -1.19471843e+01 -3.46521791e+00 4.11017848e-02 -2.55707240e-01 -3.58046065e+00 2.58434871e-01 -1.02842405e-01 7.08595546e-03 9.61012828e-01 -9.32308838e+00
 -5.92338567e+00 -6.84387855e+00 5.07308833e-01 -5.45755792e-01 1.07257273e-04 -3.78773710e-01 -1.36259902e+00 3.89719658e-02 -7.10538146e-01 1.76786668e-01
 -6.83146218e+00 -3.93565280e+00 1.99196333e-01 3.36520091e-01 3.39769662e-01 -1.59619529e-01 6.22294596e-01 2.81342434e-01 -1.85555919e-01 3.63879797e-01
 -6.44725562e+00 -5.97928088e+00 2.81517895e-02 6.51386846e-01 2.05408730e+00 1.75968289e-01 -1.85379689e+00 -4.76835938e-01 4.28121143e+00 -9.98866847e-01
 -1.04641725e+01 -1.18543572e+01 1.37872113e+00 -3.67568772e-01 3.77118908e+00 -4.37144841e-01 -6.95950101e-01 2.68486244e-01 -1.51726619e+00 -7.60664270e-01
 -6.62184269e+00 -3.42323840e+00 2.20941157e-01 4.06101598e-01 4.23474613e-01 -7.27693608e-02 7.09470033e-01 2.31332685e-01 -1.33453316e-01 2.74208257e-01
 -5.53300028e+00 -5.88937740e+00 -5.25922330e-01 -2.03857910e+00 -1.18075172e+00 5.68839331e-02 -3.42880965e+00 -1.69345225e+00 3.04278455e+00 -2.18920133e-01
 -6.49894541e+00 -6.03632676e+00 7.02230662e-02 4.66300341e-01 2.14779555e+00 1.83397230e-01 -1.91369253e+00 -5.46322936e-01 4.49273147e+00 -1.84910249e+00
 -5.20983327e+00 -6.22416920e+00 3.36486457e+00 4.07017900e-01 -4.92519200e-01 -4.27592929e-02 -1.49740936e+00 -3.91298209e-02 1.08305503e+00 -1.17718282e+00
 -9.24316080e+00 -7.41947876e+00 -2.28500734e+00 4.81253903e+00 -3.21733424e+00 -1.01114016e-01 -1.46289659e+00 7.28156321e-01 1.11712265e+00 -4.36730264e-01
 -8.53030551e+00 -3.86687643e+00 -2.37656267e+00 -1.30489608e+00 -6.26303922e+00 1.44302272e-01 -1.07390201e+00 -8.43640530e-01 -2.05627830e+00 -2.23364660e+00
 -2.93668373e+00 -7.60769604e+00 -1.46428951e+00 1.13183703e+00 -5.35996956e+00 -4.67388010e-03 4.12928443e+00 2.29558363e-01 -1.79632821e+00 1.23284777e+01
 -7.61063578e+00 -2.87064609e+00 7.59617227e-01 4.70618391e-01 7.30765743e-01 7.91230209e-02 5.29457341e-01 7.79372172e-02 -2.19028561e-01 -1.61107732e+00
 -5.78512782e+00 -8.75597480e+00 -2.45720231e+00 -3.25862966e+00 8.20676880e-01 2.22411105e-02 -7.58446516e-02 -1.19785015e+00 8.45712592e+00 -2.37536138e+00
 -6.08921096e+00 -7.32852126e+00 1.17810964e-01 1.71014352e+00 5.03524924e-01 -4.24323554e-01 -2.29117839e+00 1.17864189e+00 -6.67809824e-01 1.93682734e-01
 -3.83694813e+00 -4.10049237e+00 -3.81873569e-02 -2.75894472e+00 -2.04102603e+00 -3.81192138e-01 9.92830626e-01 1.94094862e+00 -3.96211556e+00 -1.46349540e+00
 -6.80583539e+00 -3.71634675e+00 -3.08724357e+00 -2.08229701e+00 5.76142856e+00 3.79727514e-01 1.09595976e+00 -1.24857518e+00 7.50222986e+00 5.87327798e-01
 -8.20389410e+00 -9.86561300e+00 -5.98377507e-02 -2.90734861e-01 2.59099501e+00 -6.04222700e-01 7.08217875e-02 2.18608398e+00 -2.86345626e+00 7.85957588e-01
 -8.86863163e+00 -8.94776346e+00 -7.01119588e-01 -2.39708922e-01 -2.56062854e-02 -8.03473116e-02 2.80817921e+00 2.18870737e-01 1.85108538e+00 -3.66375778e+00
 -6.64874533e+00 -4.27967569e+00 1.08179089e+00 -9.65339240e-01 8.74672162e+00 6.08001246e-02 2.45106548e-01 -3.61068828e-02 5.13142632e+00 1.07054281e+00
 -7.56356422e+00 -5.41915802e+00 -2.03977299e+00 4.13693181e+00 -3.13866961e+00 -1.27791611e-01 -8.37302983e-01 1.53695368e+00 1.42705098e+00 -6.14013435e-01
 -5.30137037e+00 -5.72824779e+00 4.10840591e-01 -6.35369402e-01 -1.92267599e-01 -3.14976468e-01 -1.95527546e+00 4.63107058e-02 -3.26121638e-02 6.36748942e-02
 -7.17174600e+00 -3.90774245e+00 1.80809680e-01 4.33254342e-01 4.89104517e-01 -1.30814679e-01 8.51936805e-01 2.58704991e-01 -1.83338631e-01 4.71111270e-01
 -8.14855097e+00 -2.07281230e+00 7.98176843e-01 5.40589531e-01 7.05287373e-01 1.20666595e-01 8.01468794e-01 -2.92147622e-02 5.43025364e-02 -2.71837537e+00
 -6.04158753e+00 -7.11445269e+00 4.98836968e-01 -5.48157999e-01 1.02783869e-02 -3.75101789e-01 -1.40272176e+00 5.18489670e-02 -6.77779530e-01 1.40579370e-01
 -7.50587329e+00 -1.37353993e+00 -1.57811869e-01 2.60003322e-02 8.48908305e-01 1.05810958e-01 2.96517722e+00 -6.96162169e-01 -1.29747997e+00 -1.04733637e+00
 -7.63006609e+00 -3.34792725e+00 1.33099901e+00 5.05557420e-01 1.13387977e+00 8.92142273e-02 1.71895493e+00 6.57468333e-01 -4.83107551e-01 3.74452835e-01
 -1.49558354e+00 -7.76893323e+00 -5.90543110e-01 -1.97167628e+00 -8.13722059e-01 -1.08439483e-01 5.03061918e-01 -4.20812464e-01 -2.98280884e-01 -9.03410833e-01
 -1.68899160e+00 -4.76850198e+00 -2.66309945e+00 -5.15205166e+00 -6.86025285e+00 7.72217233e-02 -1.30821702e+00 -1.58995250e+00 1.05160430e+01 -6.50258530e+00
 -9.15671575e+00 -7.29986340e+00 -2.26418628e+00 4.77304853e+00 -3.20577013e+00 -8.73569236e-02 -1.43499299e+00 7.24070909e-01 1.14158311e+00 -4.75040369e-01
 -7.72141207e+00 -3.64436744e+00 2.03927291e-01 5.51843688e-01 6.90847181e-01 -3.22042902e-02 1.24474368e+00 6.11543364e-01 -3.75440923e-01 2.90784918e-01
 -7.18398097e+00 -3.73471338e+00 1.69186320e-01 4.36769512e-01 5.20531687e-01 -8.97264735e-02 9.64051174e-01 2.29554555e-01 -1.51288603e-01 4.58647436e-01
 -7.41376719e+00 -3.48778152e+00 1.83962249e-01 5.03366563e-01 6.37942466e-01 -5.81285245e-02 1.16871765e+00 9.09424365e-02 -2.60348099e-01 3.23897065e-01
 -8.00233448e+00 -1.94175971e+00 -3.55752212e-01 -3.42567814e-01 9.75888752e-01 1.14356200e-01 3.12412494e+00 -3.52242029e-01 -1.06163860e+00 -1.38841820e+00
 -1.01792266e+01 -5.53307054e+00 2.84983793e-01 -1.57941814e+00 -5.07611250e+00 1.83606362e-01 1.42862607e+00 2.27016819e-01 1.80282001e+00 -2.55702027e+00
 -1.13167480e+01 -3.42278164e+00 1.97097256e-02 -2.74750886e-01 -3.45720527e+00 2.11283563e-01 -1.73880672e-01 -1.39373983e-02 8.84899970e-01 -8.51530335e+00
 -8.34967643e+00 -1.35458180e+00 1.70635966e-01 8.71085274e-01 1.02754885e+00 8.27588793e-03 2.21424913e+00 -2.61110859e-01 -1.16420462e+00 3.44714584e-01
 -8.78281009e+00 -3.18362060e+00 -8.55692064e-01 5.44093298e-01 4.70581398e-01 7.50647319e-02 4.17470669e+00 -1.28217960e-01 1.33398359e-01 -3.47498650e+00
 -7.59944677e+00 -2.07837140e+00 1.95720096e-01 6.97454487e-01 8.36903103e-01 7.16945657e-02 1.61171667e+00 -2.06346218e-01 -7.78397264e-01 2.74939770e-01
 -7.19850765e+00 -8.25913216e+00 4.02974429e-01 2.58869355e+00 2.36721678e+00 -3.68143452e-01 -3.05045483e+00 1.49009058e+00 -1.34344102e+00 -4.09994021e-01
 -8.93649939e+00 -3.61944926e+00 -1.79029558e-01 -3.19167431e-01 -2.76054132e+00 1.03359707e-01 -1.50112022e-01 -1.33661165e-02 5.57259366e-01 -4.94423766e+00
 -8.02435769e+00 -9.60621668e+00 -1.14201434e-01 -3.53283513e-01 2.35901811e+00 -3.21495591e-01 1.91874367e-02 2.14838491e-02 -2.52034689e+00 4.30281946e-01
 -6.17507236e+00 -7.40919972e+00 4.94517999e-01 -5.58547927e-01 1.28604688e-02 -3.68937836e-01 -1.47902271e+00 5.29050339e-02 -6.33534396e-01 1.20024000e-01
 -7.75297883e+00 -2.76515715e+00 1.80457013e-01 7.22386138e-01 7.17065701e-01 4.91264165e-02 1.02656475e+00 -9.13012320e-01 3.25951050e-02 7.62640250e-01
 -6.00531669e+00 -5.37166937e+00 8.93589145e-02 4.24233070e-01 1.68570382e+00 1.29347156e-01 -1.88145773e+00 -4.04254447e-01 4.02882703e+00 -1.44902406e+00
 -8.08709321e+00 -2.12951916e+00 1.59066795e-01 7.43829627e-01 1.10179939e+00 8.58421572e-02 2.00477243e+00 -1.82481639e-01 -1.01955953e+00 4.04541566e-01
 -4.17343196e+00 -9.28046343e+00 -7.93889609e-01 2.07007272e+00 1.14757937e+00 -7.61287004e-01 -3.02119559e+00 7.29700158e-01 -5.46142773e+00 -8.28887208e-01
 -7.84120478e+00 -3.19137069e+00 1.13567089e+01 -3.17404145e-01 -3.67091539e-01 -3.53499029e-01 4.29098490e+00 4.55759635e-01 2.47185204e+00 -3.11639120e+00
